City,Cloudiness,Country Code,Humidity,Lat,Lng,Temperature (F),Wind Speed
gharghoda,76,in,93,22.352094159414534,83.3583440336281,297.194,1.41
akdepe,0,tm,33,41.04117100853493,59.13078651808104,302.64,5.1
cape town,75,za,77,-42.42131945896499,6.696271914477194,288.15,7.2
georgetown,75,sh,83,-4.716538501740061,-17.57027006082481,300.15,3.1
punta arenas,20,cl,80,-60.23576255072409,-105.55651891464396,274.15,10.3
cabo san lucas,20,mx,60,13.968957200877284,-119.92250537465402,299.28,4.6
belonia,88,in,84,23.271408246955673,91.627184230741,301.594,3.91
jamestown,0,sh,67,-35.96899960391423,-8.303200636452999,268.194,1.21
xunchang,92,cn,98,28.42614531959086,104.85218281788912,295.044,1.16
athabasca,32,ca,65,55.18367145969823,-113.37467133305914,299.644,2.41
ampanihy,0,mg,84,-27.286443706295174,40.653323369709284,290.944,4.76
east london,0,za,82,-46.532160462588564,35.97634158264043,288.15,1.5
sydney,90,au,100,-33.91809182985374,151.65293969384618,281.23,2.16
rikitea,88,pf,100,-63.75835793466757,-121.67504531617062,294.944,2.81
souillac,0,mu,45,-56.977383371892294,78.42431574163163,301.6,4.1
itarema,20,br,60,3.6717785825453575,-39.075414912631345,304.044,5.16
torrijos,0,es,19,40.023882951172425,-4.484012907268152,306.65,3.6
butaritari,48,ki,100,18.79640977540444,159.4167484814344,301.844,3.91
chimbote,0,pe,90,-11.707679446200139,-83.7850920205729,292.144,2.11
durban,20,za,69,-31.69876356563745,34.02022029238668,301.16,5.1
meadville,1,us,53,41.72472862120996,-80.34866324347462,296.36,4.6
fort nelson,75,ca,60,58.25938328734185,-125.16294619307381,296.15,2.6
saint-philippe,1,re,42,-32.5928631057934,60.20560004696134,289.3,3.1
mugur-aksy,68,ru,100,50.56007995870358,90.39213218985705,277.894,1.06
saint anthony,1,ca,59,52.80726356326208,-51.96074411957949,292.15,1.5
ouahigouya,24,bf,29,13.409337591775,-2.359297795447361,310.144,3.21
arraial do cabo,0,br,65,-31.282431555675615,-32.37243381272097,300.5,2.1
mar del plata,0,ar,62,-51.01070206346338,-40.13876459370525,280.244,6.26
ende,76,id,100,-9.649878966588815,121.82674576919817,299.444,5.56
liepaja,100,lv,87,56.370463811595386,20.753859158536756,288.4,5.7
saint-joseph,24,re,65,-24.659725186232727,55.95880047971855,300.21,1.5
airai,20,pw,90,16.39020236064445,145.9912233718236,290.844,0.91
cidreira,0,br,65,-57.14062791850805,-22.469711769457092,297.319,6.91
sao miguel do araguaia,0,br,72,-13.023854420608401,-50.84707860228147,301.244,3.86
iralaya,40,hn,74,16.233779388785152,-81.87498503405081,303.15,3.61
takoradi,68,gh,96,-0.4838824445657792,-0.6453336341595559,299.344,4.46
port elizabeth,90,za,83,-60.89807690480106,31.135983979382303,296.82,2.6
kokopo,76,pg,100,-5.27323833790205,151.57421043707393,298.994,0.91
mataura,88,pf,97,-48.57282643659199,-154.24971875810178,273.744,1.66
thompson,5,ca,50,60.55451602367221,-92.93220901158335,297.15,4.6
diamantino,0,br,48,-14.121449841625818,-55.528545896309225,303.744,3.36
miquelon,0,pm,71,47.41817595379658,-56.716417937313466,285.15,5.7
ponta do sol,36,cv,51,21.103053735459284,-35.043345085970046,298.094,2.31
kapaa,40,us,83,27.80644785192854,-159.19811006798002,296.53,5.1
pisco,90,pe,77,-26.379538295162618,-98.4977770619809,291.15,3.1
tiznit,92,ma,86,29.368653345403757,-11.583811373528931,292.194,3.66
new norfolk,20,au,75,-61.11699533636519,127.90561273011241,279.15,2.1
the valley,20,ai,58,21.16457643172808,-62.05420833019119,303.18,7.2
esperance,40,au,83,-33.68363193547653,126.00372436896453,301.15,5.1
chapais,40,ca,53,50.17405252569591,-75.5398087014045,283.15,4.1
vohibinany,0,mg,87,-17.31560811874388,48.964397461285444,289.244,1.31
padang,68,id,100,-4.718054373185048,94.67595455957843,301.944,0.96
lebu,8,cl,63,-35.48078548431278,-77.36461759333221,286.594,0.96
ambilobe,8,mg,59,-9.304866554544873,48.722139682001824,295.594,3.96
jalu,0,ly,23,27.81640596365166,24.829362206579873,311.519,3.41
puerto ayora,20,ec,61,-25.152281892862284,-100.45018337805345,299.15,9.3
vestmannaeyjar,75,is,100,58.948803914571556,-18.79332624877884,283.15,7.7
kalmunai,12,lk,85,6.666439182713546,86.47981481926314,298.844,3.41
busselton,48,au,100,-48.319519252934654,107.73361856215388,287.769,2.21
tshikapa,0,cd,77,-7.297511158933311,18.98843832645997,295.944,1.01
caravelas,92,br,100,-20.074163630541833,-24.94296501448207,296.344,2.21
gamba,68,ga,95,-6.835668690587809,5.013914721001754,271.244,1.11
kajaani,0,fi,45,64.37821147745228,28.587755675168296,290.15,1.5
hithadhoo,12,mv,100,-8.957104298003038,71.376846603903,301.694,2.66
newton,40,us,73,41.822275240418136,-93.0247506661054,293.77,2.1
pundaguitan,56,ph,100,6.343671947340184,126.41297574473992,300.194,2.66
boa vista,92,br,98,2.3057116285680195,-61.13284173209905,299.894,1.91
angola,75,us,60,41.78406312969062,-84.87386223653036,294.9,5.1
kyzyl-suu,36,kg,100,41.87373571003292,77.91711852089091,284.794,3.56
hirara,92,jp,100,22.78616089244025,126.49972720005115,300.394,7.11
keti bandar,0,pk,98,22.45652094855805,65.39701284653145,302.494,9.06
albany,20,au,53,-58.93967215275856,115.20152438356462,297.15,4.6
kartaly,56,ru,33,53.075548034097636,60.738060465392266,292.644,6.16
coquimbo,56,cl,93,-28.280078830658034,-75.73809930018228,287.644,2.26
ushuaia,90,ar,86,-54.455265879890206,-66.26750277921651,272.15,11.8
cape coast,36,gh,75,2.293135539093626,-0.3216276940176215,299.344,3.31
dawlatabad,0,af,23,36.50108905473404,63.307858085183256,297.494,3.86
bose,0,cn,45,23.48106468639972,106.73544478117617,299.14,1.5
grafton,0,us,95,47.86890617856045,-98.00251746327731,284.044,2.21
inhambane,0,mz,83,-23.84684708757174,38.70188556875374,294.15,3.21
atuona,0,pf,99,-6.154641740461102,-123.08678148339499,300.444,6.81
madawaska,75,us,44,46.8217241311913,-68.8314740521692,288.28,7.2
okha,92,ru,98,54.53836512502538,142.94296166557115,279.144,6.41
san patricio,64,mx,47,3.1089978810804837,-118.26651144229103,301.094,2.76
nata,20,bw,74,-19.954149620918805,26.67376293290738,299.15,6.2
coahuayana,68,mx,55,12.257652529556395,-106.43937294022012,298.594,1.31
aripuana,64,br,34,-10.360544794835334,-59.66032366449106,307.244,1.41
yamada,0,jp,93,39.292998642139864,143.5558523681728,290.15,2.1
djougou,75,bj,74,10.056136429078009,1.8214087484220443,300.15,2.6
kodiak,90,us,93,41.680983595750504,-152.39477421418053,291.15,5.7
lapy,88,pl,39,53.1831493819481,22.915847583175264,301.844,9.06
macheng,64,cn,89,31.61449607015379,115.36851877940711,294.694,1.21
tessalit,0,ml,8,20.234449213624742,2.630013948891275,312.944,5.16
port lincoln,0,au,100,-37.349264781598436,133.9052825639444,280.994,2.86
kolyvan,0,ru,68,56.05089033876905,82.14225105381126,291.15,3.0
morondava,0,mg,91,-21.10256784743286,43.94257869227016,295.194,3.16
ribeira grande,20,pt,73,28.332484455211016,-33.25659965618004,297.15,2.1
lompoc,90,us,100,31.042774010052156,-121.82466942612358,286.61,1.51
bambous virieux,75,mu,83,-34.72501522645666,77.259066165328,297.15,2.6
hilo,90,us,68,25.364978726590735,-147.7732816194883,286.31,2.6
kichera,12,ru,86,55.277879960744315,110.67701862322122,283.444,0.51
saldanha,44,za,81,-40.9836513193636,-2.0372283081799765,295.594,1.96
fortuna,0,us,27,40.12748687470204,-140.2517568601348,301.74,4.6
saint george,40,bm,32,37.793475961842674,-60.50867912860767,302.15,5.1
kahului,20,us,88,37.75840389572102,-145.13676369195815,294.12,1.5
calbuco,90,cl,93,-42.42772529776421,-72.3491350646398,281.15,3.6
mahebourg,75,mu,83,-39.410572117513084,78.38620201551174,297.15,2.6
namatanai,76,pg,100,-4.483989390266515,154.36162485520106,298.444,1.56
tacoronte,20,es,68,29.818046760097104,-16.3585947865256,294.81,8.2
pak phanang,20,th,100,9.064004948146177,101.49750944484498,297.15,1.5
trudarmeyskiy,0,ru,65,54.1522164136684,86.36244425911894,287.994,2.06
freeport,40,us,66,29.006007961665034,-95.30255382737818,304.15,2.6
castro,92,cl,100,-47.300399597264295,-106.29588274273854,280.594,3.56
touros,68,br,76,-3.3378234655779337,-34.402426106153314,300.594,7.66
warmbad,40,na,63,-29.687827486566775,19.578800686572492,289.12,8.2
vinni,92,ee,100,59.22554935984313,26.330801987487973,288.994,2.01
angarsk,12,ru,100,52.31512335383974,103.5997535947501,289.15,1.0
hadrut,0,az,63,39.504037140883284,46.796992184896226,289.994,0.86
lagoa,20,pt,78,46.18993000625383,-31.56467196914579,296.15,4.6
pryazha,12,ru,28,61.60399661627811,33.68932360289563,294.15,5.0
bandarbeyla,20,so,81,6.481610853817543,55.2085126140293,298.844,15.56
ritchie,0,za,23,-29.512079299523464,24.110517526997285,290.15,3.1
yaan,76,cn,83,29.973825269051076,103.24006716267724,298.694,2.76
teodoro sampaio,0,br,49,-22.688296791159573,-52.091825338663966,301.544,3.31
namibe,0,ao,100,-17.688904599513805,5.168302682905619,293.394,2.66
trelleborg,75,se,51,55.200294367460586,13.118084845736036,288.15,7.7
lasa,20,cn,74,29.994120887527586,92.5040310553787,299.15,6.2
nandurbar,48,in,71,21.19541610484707,74.23373216794985,300.744,4.46
san juan,40,us,62,24.810988017579618,-65.5863184738563,302.79,8.2
santa quiteria,0,br,27,-4.455885989413034,-39.77458472482087,305.15,4.6
henderson,1,us,9,37.81977928589774,-87.50469153170364,307.73,5.1
port hueneme,90,us,82,32.79781165661298,-119.6758371448831,291.18,1.5
ondangwa,0,na,17,-18.364883759531565,16.353357659599567,302.15,2.1
muncie,90,us,88,40.19634093568848,-85.31978389715124,294.61,2.1
abu dhabi,20,ae,30,22.701434747408143,52.674434809775846,309.11,3.6
barras,12,br,79,-4.114397905570087,-42.22086489259115,302.594,1.66
saint-augustin,20,ca,66,51.72222502823631,-57.16648215602848,299.37,4.6
bredasdorp,76,za,37,-56.18448362076525,22.7356535876728,292.15,6.7
adrar,68,dz,9,26.00276218433862,1.8296103191903796,316.15,7.2
porto seguro,75,br,78,-16.70076206147271,-38.495956287780785,298.15,1.0
am timan,0,td,77,11.082859309336513,20.542044584192354,298.194,1.96
hervey bay,76,au,100,-24.391722926619458,155.5220849556331,289.994,4.31
nouakchott,12,mr,90,18.95865830279422,-15.835331273091072,294.894,3.26
sitka,0,us,45,40.76511225777058,-142.2640058441488,301.644,5.81
luderitz,0,na,80,-33.228010378177025,1.049289115126129,288.194,7.26
qinggang,92,cn,100,46.59430497137045,126.22428331010201,295.544,2.51
bolshaya glushitsa,0,ru,35,52.56172911183343,50.33454335144003,296.244,4.21
canto do buriti,0,br,38,-8.11999488824474,-43.30051024002802,304.544,5.51
nanortalik,92,gl,99,60.856313709355106,-44.706424024657565,275.744,4.31
hobart,20,au,75,-62.52586838279688,154.30965229185858,279.15,2.1
sijunjung,32,id,87,-0.5230488464638654,100.9884221649067,295.744,1.16
ochakiv,0,ua,35,46.704039806652844,31.662580676080097,302.15,4.0
bilma,56,ne,25,17.851820099289412,14.031807412643161,307.594,3.01
calvinia,0,za,77,-30.307917063445323,20.38407213452959,276.344,1.36
rosario,0,ar,50,-33.02669639269095,-60.51513814484207,287.15,10.3
westerland,75,de,67,54.47719405080001,8.363664398702582,286.95,9.3
torbay,75,ca,40,38.39335283045179,-50.015081611916116,295.15,13.4
leticia,75,co,70,-3.871215887977698,-69.85340003340372,300.64,1.5
leninsk,0,ru,25,54.89508025279244,59.75741920145563,302.15,5.0
hami,8,cn,54,41.81345323780002,92.65880865516192,296.344,2.21
hun,48,ly,54,28.837749340116986,14.376745972488607,287.35,7.7
diego de almagro,0,cl,81,-25.531804078908763,-68.55529091859765,293.294,1.06
mizan teferi,24,et,95,6.52283615460648,36.14023622056297,290.094,0.96
comodoro rivadavia,0,ar,42,-46.96054264570924,-68.69084763801993,281.15,8.2
wegrow,24,pl,40,52.3033282528465,21.95434072646981,301.944,8.56
tarancon,20,es,14,40.36486679049381,-2.6982348466474946,306.64,2.6
liverpool,40,ca,54,38.82150003206071,-62.68874629324955,288.64,10.3
nangomba,0,tz,66,-10.947089790712653,38.375897776227276,295.944,2.61
katobu,64,id,100,-4.700179126598499,125.05602129019178,298.794,1.51
prince rupert,90,ca,100,52.338387713119985,-130.11627963396302,285.15,1.0
pangoa,48,pe,69,-12.30842933762787,-72.74160581731714,296.844,1.41
tasiilaq,92,gl,75,57.242239456761425,-33.259187977866674,278.15,9.3
kavieng,0,pg,100,14.080949483005881,153.44907990411406,301.344,2.51
valenca,92,br,100,-13.420516536376411,-39.244732509899364,295.094,4.11
la ronge,40,ca,42,58.772847214523196,-105.20512381362582,301.15,3.6
nantucket,90,us,93,40.385474775933915,-69.29929810530854,295.18,2.1
isla mujeres,40,mx,74,22.18178833382514,-86.30729908119324,303.15,6.2
kerchevskiy,92,ru,77,59.72713610586588,55.67617473279353,286.194,2.76
vredendal,20,za,91,-31.205243430488622,18.40745659755808,281.294,1.26
yellowknife,75,ca,46,61.57900298798229,-109.78308170592229,294.15,4.1
bonavista,92,ca,73,50.29616906288928,-52.42665165282595,285.494,6.56
bay roberts,75,ca,40,43.65567925399806,-52.81245322113645,295.15,13.4
atar,20,mr,9,23.35735978033796,-14.194873860986888,317.15,8.7
horodnya,0,ua,52,51.90322095752818,31.623809624958483,297.344,2.76
japura,32,br,83,-1.8579297540538278,-69.80282830474778,299.094,1.26
petauke,88,zm,39,-14.314597265543405,31.388989995033228,294.944,4.21
marinette,1,us,77,45.1798053239892,-87.88445963311361,291.76,7.2
praia da vitoria,20,pt,64,44.65560586630973,-23.332283889667053,296.15,3.76
rio grande,90,br,82,-39.666178847669045,-43.067658983531174,293.15,5.7
iraray,8,ph,100,8.666367610192182,118.44243875157213,300.794,2.06
hermanus,76,za,90,-61.2760617676711,10.713393929329811,286.494,4.81
beloha,68,mg,88,-27.25701579045502,43.236760258327024,292.144,4.16
port alfred,0,za,66,-51.61652391491876,31.067710447751097,293.194,4.56
hay river,75,ca,77,62.71019518386028,-118.0558066911718,290.15,6.2
panacan,75,ph,94,8.666219044829433,118.55958354986518,298.15,1.5
geraldton,5,au,42,-30.966977311996402,106.697355549245,293.15,3.1
mersin,40,tr,74,36.47907275593475,34.87863982138563,300.15,4.6
sur,36,om,76,17.220781325557127,60.33022289312771,305.944,1.96
trelew,0,ar,36,-42.989385303228275,-67.03932807012521,282.944,9.01
avarua,20,ck,78,-26.598863367133532,-157.70797560251032,297.15,4.6
waingapu,36,id,89,-13.220870643148046,118.24268564512573,295.744,3.76
salmon creek,90,us,93,45.9274898532788,-122.5713625527925,289.15,1.41
arbazh,0,ru,53,57.86162016797738,48.43567583398476,288.894,7.46
kununurra,0,au,58,-19.72770217316674,129.95097697959022,286.15,5.16
punta cardon,20,ve,49,11.149209143718778,-70.35994569159936,307.15,4.21
papara,0,pf,51,-18.2502471027912,-149.82127976839152,303.15,6.2
kota kinabalu,75,my,83,8.21230797309704,113.84592213602059,299.15,3.1
jutai,8,br,68,-5.992706705068386,-69.16084336610143,303.919,2.16
banjar,68,id,97,-9.485946616852075,106.52961264227395,294.644,1.06
kijang,0,id,68,1.50769215979426,106.01065412077224,294.15,2.6
hecun,88,cn,95,36.323570013705265,113.1372805067561,293.444,1.21
santa cruz,1,cr,82,7.045800243171968,-89.35432164363746,288.03,1.41
muravlenko,76,ru,92,63.07486698899123,72.70285107680729,286.194,2.46
tuatapere,0,nz,100,-56.50973671604929,156.138092845384,274.444,1.06
znamenskoye,0,ru,88,53.21213937113377,35.88507536000765,287.194,4.71
kafr sawm,0,jo,51,32.77954868734882,35.79516876630382,295.344,3.01
belmonte,56,br,53,-17.885849468926246,-29.588004648431422,301.194,1.31
agadez,20,ne,44,17.15566359823798,7.2793948678653635,309.15,1.0
victoria,75,sc,100,-3.7651267947453775,52.197050122549,297.15,1.0
lanark,0,gb,48,55.64233067237549,-3.761356304548201,289.14,5.1
rocha,0,uy,75,-45.95634451717695,-44.963057805804965,285.344,8.11
carnarvon,0,au,58,-24.279920406645715,99.82216709080762,277.744,3.51
byron bay,76,au,67,-27.389876671628194,159.92786969153963,288.15,4.6
golden,75,us,64,39.64545751277036,-106.14208760047927,293.15,3.1
maxixe,0,mz,83,-22.92968300506812,34.04266672846845,294.15,3.21
shache,32,cn,55,37.71019866030903,78.49896826029982,291.944,1.86
rawson,0,ar,36,-46.77251776468385,-58.96953650535369,282.944,9.01
waddan,56,ly,24,29.703700446489293,17.836646620888672,304.944,1.51
pachperwa,88,in,91,27.716822697775896,82.93649385712894,297.994,1.66
ulaanbaatar,0,mn,62,48.52603631492477,108.32764617891559,288.15,2.0
chuy,0,uy,67,-58.653928550583146,-23.926983286680752,289.744,8.86
sao joao da barra,20,br,48,-33.93995341782126,-22.53170142895445,301.15,3.1
antalaha,68,mg,86,-14.287651878830083,53.47297360689362,295.244,5.56
faanui,92,pf,100,-3.7310301907886867,-152.4776698085945,299.594,7.81
araouane,0,ml,8,19.17308110975833,-6.395360481785474,316.444,4.56
mahibadhoo,36,mv,100,4.531080472511121,68.57355813657549,300.994,6.66
flin flon,40,ca,48,57.96495283515081,-100.7631680839021,301.15,1.81
demba,80,cd,59,-5.10070925803565,22.622531254324713,299.444,0.36
pueblo nuevo,12,mx,54,23.801079453569784,-105.18087814928049,304.294,1.91
romitan,0,uz,21,40.40599071388068,64.66400381799383,301.15,3.1
miyang,36,cn,76,24.265572401256108,103.02560998667849,292.444,2.46
nadvoitsy,12,ru,52,64.16248260666771,34.56823050196948,289.444,2.11
bako,20,et,87,6.512941607824345,36.834611177203016,296.944,3.31
bere,88,td,98,9.24679548111338,16.08731034072315,294.994,1.81
constitucion,40,mx,60,18.877649134590968,-118.47565662586203,295.15,2.11
toguchin,0,ru,60,54.823058331481874,84.24805784921477,289.994,4.41
fiche,24,et,34,10.081220982008247,38.87334519606168,289.794,3.76
dingle,76,ie,94,47.369755863726226,-18.87560569537598,297.494,1.16
ketchikan,90,us,93,57.26897856458808,-131.4683380851519,285.47,3.6
nara,20,ml,100,16.579531558038823,-7.36541343587686,293.15,2.1
santa cruz cabralia,75,br,78,-17.05387072844558,-36.92903995381762,298.15,1.0
slave lake,1,ca,64,56.47614882015303,-115.50617776909942,294.15,2.6
kloulklubed,75,pw,94,5.081410417772233,130.43203559095957,298.15,1.5
quatre cocos,75,mu,83,-15.452935571383456,70.3763909735301,297.15,2.6
iqaluit,75,ca,60,61.907486161293946,-72.66738786369139,278.15,3.6
half moon bay,90,us,87,32.523738942678236,-132.0530874518929,287.71,4.1
pishin,0,pk,25,31.1523746590712,67.4934771696241,289.344,1.66
maieru,20,ro,77,47.42017982273616,24.744967823752745,293.194,0.86
ust-ishim,0,ru,84,58.602943154242055,71.69298420689938,285.844,3.36
katsuura,0,jp,88,32.63476318892751,141.6810407245369,290.694,0.96
maputo,20,mz,83,-27.129428334766978,34.0154101756151,294.15,3.6
marshfield,1,us,47,44.18891457685426,-90.59334658927611,298.69,3.6
abha,40,sa,41,20.35314777862513,42.39115835881205,300.19,4.1
labuhan,20,id,96,-10.934037040015731,101.92627461153,294.494,0.96
ushibuka,56,jp,100,32.30754255465489,129.9516419582701,292.244,0.71
feijo,75,br,65,-9.112472587616317,-70.49793450697354,298.15,2.6
niquero,0,cu,85,19.539526328446698,-77.24411537329044,303.044,5.26
vila velha,0,br,51,-26.923269363616377,-24.006536012962698,303.15,6.2
oistins,20,bb,74,11.850640367555016,-54.03816361634131,301.15,7.2
tamandare,0,br,65,-10.187569131211255,-30.295655805962497,301.15,1.0
valle de allende,0,mx,23,26.554857793958135,-104.86120912155783,304.694,4.86
sao felix do xingu,0,br,35,-8.630681152842783,-52.41620162338769,305.944,2.56
san pedro,0,bo,51,-18.140093553775515,-59.93048134626548,288.244,6.91
sao filipe,0,cv,92,12.171746332753656,-24.693759760241136,297.294,6.01
noyabrsk,80,ru,99,63.14878108518326,76.37809656687745,286.794,3.71
bowen,90,au,93,-16.15343754132902,151.60102968106673,287.15,1.5
bubaque,40,gw,58,6.424709764524778,-20.732004330054707,304.15,4.1
ouallam,68,ne,26,15.43884423115118,1.9799345670369632,309.794,4.16
kushima,36,jp,100,29.504573767712245,131.98020738350755,291.894,1.36
taltal,0,cl,74,-25.190293183375182,-79.6375179782761,293.294,1.26
atyrau,75,kz,58,47.73997234109238,51.55490921293102,302.15,5.0
villa sandino,40,ni,78,12.008473823516312,-84.90867315309774,301.15,2.1
govindgarh,8,in,66,27.463012174238244,77.00322398798409,303.144,1.16
shingu,12,jp,95,29.140127161942004,137.6379049356571,294.744,2.41
itoman,75,jp,88,23.98810233856048,128.0677427046636,300.62,5.7
limache,0,cl,63,-32.963914132512315,-71.19182454231719,288.34,2.1
tautira,40,pf,78,-17.03394873954705,-142.63455596563534,297.15,1.5
pandan,76,ph,100,18.611059113892537,129.06739078927785,300.044,2.06
kuminskiy,44,ru,57,58.88044086554406,66.79744597973553,287.694,2.76
swan hill,0,au,86,-35.534100056395346,142.81698196666161,274.444,1.31
hedaru,48,tz,98,-4.627068340905694,37.5001365635631,291.844,2.16
nyuzen,0,jp,100,36.884088954247034,137.5561382112029,291.294,5.26
hambantota,88,lk,100,1.400958003043712,83.05963788168864,298.344,6.26
pitanga,8,br,64,-24.54252376219349,-51.75574381290804,295.744,2.21
gat,0,ly,49,24.91393001903505,10.724612307783303,306.15,3.1
marsa matruh,0,eg,51,33.23526258250462,28.00888434613057,303.15,5.7
xai-xai,0,mz,100,-26.77198401613414,34.95648753126349,294.444,3.86
massena,1,us,45,44.986317423439985,-74.94471945215508,291.49,3.6
matara,0,lk,54,-0.12040638954327676,80.52944079714595,285.15,1.11
ixtapa,75,mx,74,12.254086380865076,-104.1087568757753,302.15,1.31
chanal,0,mx,37,16.695314492528865,-92.46229448625033,303.15,5.1
hasaki,20,jp,100,32.32108712445407,149.45387139728967,291.15,1.5
riyadh,0,sa,7,26.573254231140993,47.61518103986907,312.15,8.2
haines junction,0,ca,36,55.94687767587624,-143.5045390336069,292.194,1.26
lahat,80,id,85,-3.454879914738619,103.74883245495761,298.444,3.26
jacksonville,40,us,70,34.694784098237605,-77.79636033993981,305.48,2.6
gazli,0,uz,21,41.39380993318329,63.75409220443788,299.844,4.56
paranaiba,8,br,55,-19.6436973198824,-51.62595951075642,300.744,2.01
laterza,20,it,69,40.67896642743982,16.730418848015404,301.49,2.1
barcelos,20,br,68,0.5741032670046451,-61.28407628439962,297.89,6.2
taichung,40,tw,83,24.157658764218397,120.7470463319321,299.15,3.1
mogadishu,88,so,99,1.4552494175455166,48.58179623587978,299.044,8.61
canutama,20,br,76,-6.8376263637792505,-64.20661378497861,302.144,1.46
fairbanks,75,us,49,62.62708984679681,-144.22338027421114,292.12,3.1
qaqortoq,90,gl,87,63.60462852338168,-46.77338483068635,279.15,3.1
orange cove,1,us,49,37.811825370022916,-118.14787712273251,296.75,1.66
luchegorsk,68,ru,92,46.3887510106715,134.57611809941318,285.344,1.01
terme,75,tr,65,41.870449624702005,36.95938676337673,298.15,2.41
buckeye,1,us,22,33.00387718384455,-112.53432577583243,305.15,2.1
kailua,20,us,74,34.20451808770494,-151.92299977519872,295.6,4.1
chacabuco,0,ar,59,-34.72238368184223,-60.52820254314135,286.244,6.26
port blair,64,in,94,10.373125263996428,94.20712313121416,302.594,7.71
grand gaube,75,mu,83,-12.102162318151628,62.492714403115826,297.15,2.6
whitehorse,90,ca,45,60.500617045324375,-132.78831513899465,291.15,5.1
ozernovskiy,92,ru,89,51.29855740930874,156.70464164114236,279.094,3.21
road town,40,vg,66,19.113017678558506,-63.879673010253725,302.6,5.1
axim,76,gh,95,-3.5844148539840504,-2.907481192242045,299.694,5.76
butterworth,75,za,79,-32.57805064338154,28.65441313927019,301.02,0.5
palpa,0,pe,44,-14.237988448527872,-74.61147493612039,293.494,1.21
paso de los toros,0,uy,48,-32.254290218997376,-56.67955387878055,290.15,7.7
marsh harbour,12,bs,96,28.549351078527422,-73.5865656185683,302.344,1.76
olinda,75,br,65,-8.841736139568496,-25.845926815294774,298.15,3.1
sidi ali,0,dz,40,37.24330372165117,1.154284799023003,302.794,3.26
kutum,32,sd,85,18.531388422357153,26.409682305038046,295.594,2.06
pimentel,24,pe,83,-9.98340312536046,-85.84198063034826,301.194,1.61
mount isa,0,au,34,-21.824857499362174,142.95342034407378,285.15,3.1
cayenne,76,gf,78,13.926444298112258,-40.30146791632927,301.15,2.6
guerrero negro,12,mx,71,22.1660992860984,-124.22944586778812,294.244,3.66
black river,20,jm,70,16.272082655423446,-79.5586784523887,303.15,4.6
talcahuano,0,cl,71,-35.02375295633557,-75.26559414591212,284.15,2.6
sioux lookout,20,ca,53,52.396446460468525,-91.40621172689627,298.15,3.1
daura,80,ng,95,11.409325087862499,11.338363082675528,296.094,3.21
tinqueux,0,fr,40,49.50239128625935,3.995787136384905,293.15,8.2
rongcheng,80,cn,83,26.033567104768437,104.20016332086584,293.794,4.96
ancud,92,cl,98,-39.31911090815998,-103.47226786206474,281.344,3.66
linxia,0,cn,83,34.26531564503392,101.71885256562211,280.844,1.21
vryburg,0,za,42,-26.478492909250697,24.4407847716285,284.844,3.86
urubicha,12,bo,41,-15.143077793517321,-61.96537079234815,304.194,2.21
teguise,75,es,60,29.597265361888574,-13.516941762384306,297.15,5.1
atbasar,100,kz,41,53.090046440703404,68.59277232105404,295.844,5.21
sindang,48,id,100,-6.250467921429987,108.12549411174638,299.744,3.56
panama city,1,us,66,28.379654099440202,-86.14852265745472,304.67,6.7
ambulu,92,id,100,-11.907853623691388,112.88433433191392,297.444,4.41
grindavik,90,is,100,60.7535659597749,-24.133897209763376,283.68,11.8
hohhot,0,cn,77,39.962149237771186,112.04814300967445,291.15,1.0
elat,44,il,79,29.626891108664708,33.96892592081036,296.294,1.26
saryg-sep,92,ru,96,51.23086483926333,95.78563539398124,285.244,1.26
la palma,24,pa,66,6.379078904559208,-80.22686143168431,299.194,1.01
san quintin,75,mx,100,29.60259706291059,-118.1631791851698,298.15,1.0
susurluk,40,tr,69,39.45113176115167,28.24338691557952,298.15,1.26
walker,1,us,53,43.09277121588411,-85.92338960383745,296.75,4.1
smithers,75,ca,93,57.89353503523246,-128.33358576900383,289.15,2.1
comarna,20,ro,42,47.083891295413224,27.757107211513556,303.15,1.5
kiama,0,au,93,-39.44831840781069,159.03836575872674,279.15,4.6
puerto escondido,75,mx,70,7.003208973675896,-100.18915135401431,303.15,1.5
mahanoro,0,mg,100,-20.91000455590489,50.93897187011922,289.644,1.51
talara,0,pe,78,-4.560938435264447,-85.8790305613675,296.15,5.7
chateauroux,20,fr,55,46.660682688605576,1.9119079384813915,302.64,3.6
havelock,1,us,66,32.25945985440417,-74.96169443739842,304.97,3.6
skelleftea,0,se,39,64.45066135442227,21.638524511874635,291.15,4.6
beroroha,0,mg,80,-21.288319838149604,44.680327472295176,288.894,0.61
toamasina,20,mg,82,-18.844048658180682,51.185742386872505,292.15,2.6
saint-avold,0,fr,43,49.08918217928225,6.733915815174612,293.36,7.7
moranbah,80,au,96,-22.623162834103226,146.2819079363536,286.594,4.46
fereydun kenar,75,ir,69,37.79720796054019,52.191618539813874,298.15,3.1
kadambur,32,in,70,8.994735623787875,78.0197070950399,300.494,5.36
ormara,36,pk,92,23.12813825580365,65.39501306628108,302.444,5.06
poltava,0,ua,54,49.36270010393966,34.6171550967058,296.944,1.26
oranjestad,20,aw,62,14.656924263682058,-71.93482064976813,304.15,11.3
henties bay,0,na,100,-24.67278500096397,3.3436763702985957,287.894,3.06
ferrol,20,es,73,47.31690664463187,-10.035129635194721,297.39,6.7
palmer,0,us,93,59.72970955815896,-146.11070937502137,279.15,1.56
san cristobal,75,ec,58,-2.925206695786379,-89.55397397786203,286.15,5.1
saint-pierre,0,pm,40,37.15417252742159,-52.41493623598214,294.26,8.2
broome,20,au,47,-22.370921585109798,123.69514211655274,290.17,4.6
umm lajj,0,sa,59,22.88903425678899,37.23063396666373,305.644,6.91
griffith,0,au,85,-32.199615366803584,144.8036181140871,276.444,0.91
puerto del rosario,20,es,73,26.006203007933138,-12.899356366832762,296.71,7.7
redwater,1,ca,50,47.087649036271586,-79.98491313019596,298.15,3.6
zarichne,80,ua,48,51.86176751771825,26.42603550227733,300.044,6.01
stromness,40,gb,68,61.08373986335721,-3.953936333081913,293.17,6.7
bela,0,pk,67,26.5377880015173,66.69052146163921,300.944,2.66
darnah,0,ly,100,34.212121706855385,21.63473510118024,297.594,2.61
belyy yar,0,ru,77,58.757435691165355,85.83290113263291,289.15,2.31
zavyalovo,0,ru,68,52.5414487785993,80.85703119127064,291.15,3.0
zhangjiakou,92,cn,73,42.71060535712731,114.50250583455221,290.094,1.16
nizwa,0,om,25,22.552776341749066,57.43621333623719,304.394,2.86
kimbe,8,pg,100,-5.156923882136773,150.36064524802606,298.594,2.16
dhidhdhoo,80,mv,96,7.365832376742119,71.22121585993261,301.944,9.31
chauk,76,mm,93,21.332001772678296,93.66221476898806,298.194,4.66
junction city,20,us,64,39.161363539999,-96.84375413259002,295.15,5.7
diffa,0,ne,67,15.911821330080627,12.346866991836151,301.044,2.06
aitape,80,pg,98,-0.40694772681646896,143.08307458530544,300.094,2.06
estreito,0,br,51,-5.751193324053077,-43.312657052908634,300.15,2.1
sechura,0,pe,90,-11.000427775458462,-87.73487024799387,294.844,3.21
manggar,0,id,92,-4.4291471778687,107.91010602819824,299.844,3.71
ulladulla,0,au,93,-36.95183281477924,153.30188817419514,279.15,4.6
san jose,88,gt,100,6.59058942410671,-92.79977105436416,296.044,0.71
borazjan,0,ir,55,29.46686035204587,51.221170114447546,305.15,5.1
faya,40,td,41,17.019414668376797,17.34470284167918,300.17,4.1
sault sainte marie,1,ca,52,46.7136238345349,-84.61732808618898,290.8,1.5
karuzi,92,bi,96,-3.1594093888152415,30.29136782003218,288.594,1.21
marabba,24,sd,79,12.254286498803026,32.672802793823024,298.094,0.41
wake forest,1,us,58,36.171270228868366,-78.56125715941367,304.04,2.11
usogorsk,64,ru,72,63.812979243604616,48.61993367650055,291.194,3.31
peniche,20,pt,57,40.77080468005211,-15.350262623895674,299.14,4.6
orje,75,no,54,59.251658534018816,11.972377368872685,288.15,5.1
kawalu,92,id,99,-8.47593101433246,107.83977765011457,292.644,0.56
panaba,44,mx,62,24.894387832980897,-88.14594433364633,305.244,4.21
jiayuguan,36,cn,64,43.39315060249932,98.19139044931757,287.344,1.86
brasilia de minas,0,br,42,-16.172815386739515,-44.46176728208634,299.844,5.21
caceres,24,br,66,-15.588761594598758,-57.68405040110771,299.194,1.01
cairns,88,au,72,-15.427645420262252,149.657871170009,291.15,4.1
pangnirtung,75,ca,100,61.544883648222125,-61.47342846891469,275.15,6.2
verkhnyaya tishanka,0,ru,53,51.26213312713574,40.527584938192604,293.344,1.66
portland,90,au,93,-46.98522610946853,137.4872047427877,289.14,1.41
swellendam,8,za,37,-34.00653800052821,20.400383048547013,292.15,6.7
birao,32,cf,81,9.132740628730986,23.80475069267777,297.794,1.51
richards bay,0,za,79,-30.592545365280124,36.14109219497348,292.694,4.51
orcopampa,0,pe,56,-15.128315668120955,-73.03411159568685,278.344,1.51
saint-prosper,0,ca,54,46.15419107073009,-70.00976647363792,288.844,2.76
gladstone,0,au,100,-21.982527243867935,153.17419587173225,286.194,5.16
chamba,0,in,63,32.53138468370122,76.42462826402408,289.844,0.96
oranjemund,0,na,99,-28.6687400437594,16.871971916005634,287.994,2.91
plaster rock,75,ca,44,46.577848354748966,-67.31469210635666,289.15,6.2
eureka,90,us,87,40.44985097259118,-140.4419341598245,286.16,3.1
kushiro,8,jp,95,40.79106187876573,144.6126101123292,283.594,1.46
buzmeyin,40,tm,24,39.33028213829006,58.8832682818645,306.15,4.1
okhtyrka,0,ua,64,50.11137428443877,34.70975830815729,295.644,0.11
warri,92,ng,96,4.928914666601557,4.976678708803178,296.894,3.21
mount gambier,24,au,86,-46.1538371505614,134.93504099440145,276.994,1.66
mankachar,48,in,99,25.685023860914228,89.90523860639195,296.744,1.31
palmas bellas,40,pa,74,9.614725420815205,-80.4819412517633,303.15,2.6
panubigan,80,ph,100,6.988558736401544,123.45274248960334,297.944,1.71
salinopolis,12,br,91,-0.1881367972703316,-46.87745476553282,302.144,7.01
marathon,5,us,44,24.189815367942842,-80.41903579406913,289.15,3.1
naze,88,jp,94,25.26451241406322,134.2901351760487,296.744,3.16
kavaratti,92,in,100,11.303123196890823,65.22937410829795,298.044,6.06
great yarmouth,20,gb,47,53.01523570449838,2.579069218485131,288.15,4.6
chicaman,20,gt,74,15.701952998814775,-90.74182418870869,300.494,1.06
fruitville,40,us,65,27.32079035363502,-82.34012769912042,299.08,4.1
vila do maio,0,cv,65,13.672509201522658,-21.406651321511333,300.15,2.6
guymon,75,us,50,36.21815394860903,-101.24400767528724,296.64,2.6
pecos,1,us,51,31.882803901541735,-103.44458351492001,302.55,6.7
wilmington,1,us,57,32.28047241190414,-76.05083558099601,297.15,1.5
maba,88,cn,97,24.608274088686912,113.36251740175135,296.944,0.76
gimli,20,ca,51,53.13436074784214,-95.61621210617179,303.344,2.31
kashan,0,ir,18,33.87758302036778,51.83705555893283,299.094,2.51
tabou,92,ci,100,-3.105147681950541,-6.297021591180538,299.244,6.76
tual,68,id,100,-6.133202491952609,130.19935850973064,298.994,6.61
kalabo,0,zm,31,-14.97191478160265,20.688778934107177,291.694,3.76
pitlochry,20,gb,39,56.80361571401741,-3.7165082897665798,291.15,7.2
bodden town,20,ky,74,19.01401336562411,-79.72931520604763,303.15,5.7
amahai,80,id,100,-2.375445860034951,130.14567513647984,299.694,2.71
margate,20,za,75,-38.063540199755046,37.40377915840736,279.15,2.1
tongliao,0,cn,56,44.60987108795065,121.1787155647981,290.144,1.41
yerbogachen,76,ru,75,63.60796353447057,109.23881545318346,292.694,1.31
jupiter,75,us,55,27.07350010547499,-79.71791985927726,305.41,2.6
nuuk,75,gl,87,64.26286441699284,-50.57612170753612,279.15,1.5
viedma,20,ar,37,-39.66682551653634,-63.95443914116515,284.244,10.21
puerto colombia,40,co,66,11.347658914918753,-75.39054221821448,305.15,2.1
bastrop,90,us,83,32.9336354737281,-91.79522396270659,302.15,4.6
kenai,75,us,93,63.57651160305383,-154.22998302271068,284.15,0.41
abu samrah,0,qa,52,20.63632630335863,51.14441681195444,297.694,6.91
tura,48,ru,99,64.56560290739674,98.12409587634397,296.744,1.31
parnarama,8,br,36,-5.436332050057381,-43.173146640367506,306.144,1.76
inzer,80,ru,54,54.16440039587492,57.62575780258746,286.994,3.66
pachino,20,it,73,35.72338379164418,17.07746385454567,295.15,4.1
nabire,76,id,96,-3.3355408337309314,137.1599546306701,293.744,0.66
strunino,20,ru,54,56.50412024215821,38.58801260619572,294.094,3.41
constantine,75,dz,68,36.68607962968693,7.5515328474110675,295.15,1.0
wanning,75,cn,65,17.93506920204409,110.80556553280553,299.15,5.1
greensboro,1,us,58,35.89311798155187,-79.71874838125362,302.9,3.76
tortoli,20,it,62,39.63990824270928,10.235401369090056,297.094,1.86
hobyo,12,so,80,5.367905549883815,46.56821308746498,298.044,10.66
boffa,56,gn,69,9.407038625092184,-14.815725768409436,301.144,4.16
sorong,76,id,100,-0.013750275756322594,130.09196564889226,298.094,2.11
luanda,20,ao,64,-8.950437577034975,9.246855937607563,297.15,4.1
mayo,75,ca,46,64.18475690999179,-134.16229097999536,294.15,2.1
samarai,68,pg,100,-15.762149583335756,152.82614843461016,298.444,8.81
zhicheng,8,cn,76,27.36841456996595,118.8280349161833,293.394,1.21
uelzen,40,de,87,52.86986261165718,10.536274678304125,285.83,5.1
altamira,75,br,74,-4.0274454645476325,-52.462764699614155,302.15,2.1
montepuez,0,mz,60,-13.624991644886862,39.66269272671542,296.144,5.21
vilyuysk,0,ru,92,62.88175984897465,121.87393737708811,284.694,1.16
abu zabad,24,sd,64,12.939236468753052,28.927709099004886,298.594,1.06
dalianwan,0,cn,60,38.640890462095285,122.39554515022337,297.15,4.0
aljezur,0,pt,79,37.34485127804507,-9.212050073156831,294.744,2.86
batemans bay,0,au,100,-40.59306332093452,153.43819288117544,277.844,1.71
eresos,40,gr,65,38.89976239476297,25.287979759995324,300.15,1.5
